P_Mushroom_02 (4)
<position>: -73.39234 -0.561416 -114.1762 
<quaternion>: 0.04315557 -0.4406601 0.02121484 0
<rotation>: 5.512625 307.6428 -3.087866E-05 
<scale>: 1 1 1 
P_Mushroom_02 (5)
<position>: -71.68855 -0.2531481 -99.82039 
<quaternion>: -0.05177988 0.4989779 -0.007629605 0
<rotation>: 355.2983 60.10865 356.2678 
<scale>: 0.8450301 0.84503 0.84503 
P_Mushroom_02 (3)
<position>: -58.007 -0.33 -112.926 
<quaternion>: 0 -0.8801169 0 0
<rotation>: 0 236.6871 0 
<scale>: 1.5275 1.5275 1.5275 
P_Mushroom_02 (6)
<position>: -51.68 -0.16 -74.56 
<quaternion>: 0 0 0 0
<rotation>: 0 0 0 
<scale>: 1 1 1 
P_Mushroom_02 (7)
<position>: -80.93279 -0.33 -112.9879 
<quaternion>: 0 -0.8801169 0 0
<rotation>: 0 236.6871 0 
<scale>: 1.5275 1.5275 1.5275 
P_Mushroom_02 (8)
<position>: -77.65266 -0.139764 -103.832 
<quaternion>: 0.01399141 0.7026893 -0.08278517 0
<rotation>: 7.823105 89.30228 354.3627 
<scale>: 0.8450301 0.84503 0.8450301 
P_Mushroom_02 (9)
<position>: -101.0133 -0.33 -124.3177 
<quaternion>: 0 -0.8801169 0 0
<rotation>: 0 236.6871 0 
<scale>: 1.5275 1.5275 1.5275 
P_Mushroom_02 (10)
<position>: -85.23692 -0.33 -106.4331 
<quaternion>: 0 -0.8801169 0 0
<rotation>: 0 236.6871 0 
<scale>: 1.5275 1.5275 1.5275 
P_Mushroom_02 (11)
<position>: -76.14677 -0.33 -97.97271 
<quaternion>: 0 -0.8801169 0 0
<rotation>: 0 236.6871 0 
<scale>: 1.5275 1.5275 1.5275 
P_Mushroom_02 (12)
<position>: -81.11897 -0.150716 -103.8266 
<quaternion>: 0.01399141 0.7026893 -0.08278517 0
<rotation>: 7.823105 89.30228 354.3627 
<scale>: 0.8450301 0.84503 0.8450301 
P_Mushroom_02 (13)
<position>: -51.95928 -0.33 -102.6109 
<quaternion>: 0 -0.8801169 0 0
<rotation>: 0 236.6871 0 
<scale>: 1.5275 1.5275 1.5275 
