BigRock (4)
<position>: -454.4 57 -653.5 
<quaternion>: 0.7144763 -0.1929567 0.1320819 0.6594284 
<rotation>: 83.34604 214.5673 241.188 
<scale>: 17.622 15 15 
BigRock (2)
<position>: -753.0533 17.59178 -1372.263 
<quaternion>: -0.7397283 0.2057884 0.02106581 -0.6403199 
<rotation>: 69.82693 238.7129 253.9606 
<scale>: 15 15 15 
BigRock (6)
<position>: -332 47.9 -631.2 
<quaternion>: 0.6984338 -0.2555698 0.2002794 0.6377794 
<rotation>: 83.34604 203.5141 241.1882 
<scale>: 15 15 15 
BigRock (1)
<position>: -820.8 -14.7 -1324.1 
<quaternion>: 0.08644789 0.955787 -0.2491925 0.1300047 
<rotation>: 29.92243 166.289 6.656101 
<scale>: 15 15 15 
BigRock (0)
<position>: -636.2 -3.440002 -1278.6 
<quaternion>: 0.1207399 0.9278856 -0.2345034 0.2635495 
<rotation>: 29.92239 150.068 6.656099 
<scale>: 15 15 15 
BigRock (7)
<position>: -289.3 47.9 -605.5 
<quaternion>: 0.6984338 -0.2555698 0.2002794 0.6377794 
<rotation>: 83.34604 203.5141 241.1882 
<scale>: 15 15 15 
BigRock (3)
<position>: -519.4346 51.6 -665.6 
<quaternion>: 0.7261814 -0.09253493 0.02413651 0.6808196 
<rotation>: 83.34602 231.7074 241.1879 
<scale>: 15 15 15 
BigRock (5)
<position>: -394.9 54.7 -654 
<quaternion>: 0.7144763 -0.1929567 0.1320819 0.6594284 
<rotation>: 83.34604 214.5673 241.188 
<scale>: 15 15 15 
