P_Fence_06 (15)
<position>: -144.7991 7.19043 -553.121 
<quaternion>: 0.01943567 0.9780056 -0.00412631 -0.2076302 
<rotation>: 1.398054E-05 203.9718 2.276954 
<scale>: 10 10 10 
P_Fence_06 (25)
<position>: -302.1 6.899994 -795.8001 
<quaternion>: 0.01608594 0.8744398 -0.005264487 -0.4848388 
<rotation>: 359.6338 238.0068 1.904743 
<scale>: 10 10 10 
P_Fence_06 (27)
<position>: -993.8 5.800004 -1240 
<quaternion>: 0.02850356 0.4516887 0.03716571 0.8909454 
<rotation>: 0.9864275 53.81338 5.278005 
<scale>: 10 10 10 
P_Fence_06 (26)
<position>: -1223.2 6.899994 -1408.6 
<quaternion>: 0.001288593 0.4587581 0.002495818 0.8885568 
<rotation>: 1.280661E-06 54.61423 0.3218697 
<scale>: 10 10 10 
P_Fence_06 (22)
<position>: -690.29 6.910004 -1051 
<quaternion>: -0.006051803 0.108363 0.05543125 0.9925464 
<rotation>: 358.6232 12.38628 6.243608 
<scale>: 10 10 10 
P_Fence_06 (19)
<position>: -637.4 7.399994 -870.3 
<quaternion>: 0.004083723 -0.3227739 0.006781191 -0.946443 
<rotation>: 359.8079 37.66423 359.1135 
<scale>: 10 10 10 
P_Fence_06 (20)
<position>: -386.8 6.399994 -838.8 
<quaternion>: 0.007683533 0.8092692 -0.001903676 -0.5873846 
<rotation>: 359.6594 251.9434 0.8407158 
<scale>: 10 10 10 
P_Fence_06 (16)
<position>: -792.1 7.600007 -1203.3 
<quaternion>: -0.005158337 0.7439764 -0.003229679 0.6681782 
<rotation>: 359.8804 96.14558 359.3129 
<scale>: 10 10 10 
P_Fence_06 (24)
<position>: -480.7 8.300003 -769.5001 
<quaternion>: 0.002235435 -0.5516981 0.007593666 -0.8340063 
<rotation>: 0.2664314 66.96754 359.1329 
<scale>: 10 10 10 
P_Fence_06 (30)
<position>: -394.6 8 -726.9 
<quaternion>: 0.002969111 -0.4672789 0.007337937 -0.8840746 
<rotation>: 0.09212563 55.71679 359.0976 
<scale>: 10 10 10 
P_Fence_06 (18)
<position>: -1071.2 7.300003 -1296.6 
<quaternion>: 0.02850356 0.4516887 0.03716571 0.8909454 
<rotation>: 0.9864275 53.81338 5.278005 
<scale>: 10 10 10 
P_Fence_06 (17)
<position>: -1092 6.5 -1445.4 
<quaternion>: -0.001973371 -0.9234078 -0.005414305 0.3837773 
<rotation>: 359.3403 225.1367 359.9707 
<scale>: 10 10 10 
P_Fence_06 (23)
<position>: -951.1 6.199997 -1318 
<quaternion>: -0.001830006 -0.9129736 -0.005464427 0.407978 
<rotation>: 359.3427 228.157 359.936 
<scale>: 10 10 10 
P_Fence_06 (21)
<position>: -734.1 6.199997 -1306.8 
<quaternion>: -0.005446332 0.6759149 -0.002716012 0.7369546 
<rotation>: 359.7504 85.05383 359.3488 
<scale>: 10 10 10 
P_Fence_06 (28)
<position>: -830.1 7.300003 -1301.3 
<quaternion>: -0.005158337 0.7439764 -0.003229679 0.6681782 
<rotation>: 359.8804 96.14558 359.3129 
<scale>: 10 10 10 
P_Fence_06 (13)
<position>: -1167.6 8 -1497.8 
<quaternion>: -0.0007344037 -0.8164064 -0.005715728 0.577449 
<rotation>: 359.4167 250.5456 359.6905 
<scale>: 10 10 10 
P_Fence_06 (14)
<position>: -475.8 7.399994 -867.8 
<quaternion>: 0.007683533 0.8092692 -0.001903676 -0.5873846 
<rotation>: 359.6594 251.9434 0.8407158 
<scale>: 10 10 10 
P_Fence_06 (29)
<position>: -207.6 7.5 -516.6 
<quaternion>: 0.004126307 0.2076317 0.0194361 0.9780053 
<rotation>: -5.336085E-08 23.972 2.277002 
<scale>: 10 10 10 
