Rock02
<position>: 68.888 -19.005 420.28 
<quaternion>: 0 -0.1343496 0 0.990934 
<rotation>: 0 344.558 0 
<scale>: 12.72561 25.45122 12.72561 
<BoxCollider>
  <center>: 66.84714 27.69509 424.7264 
  <size>: 289.94 113.003 271.0988 
  <localCenter>: -0.06154903 1.834887 0.3794994 
  <localSize>: 18.98045 4.439983 16.85819 
Rock07
<position>: -464.81 -19.005 -66.101 
<quaternion>: 0 0.5972154 0 0.802081 
<rotation>: 0 73.34145 0 
<scale>: 12.72561 25.45122 12.72561 
<BoxCollider>
  <center>: -456.9257 13.55742 -92.44962 
  <size>: 310.4095 84.72765 254.2192 
  <localCenter>: 2.161226 1.279405 8.402249E-06 
  <localSize>: 14.53489 3.329021 21.11186 
Rock10
<position>: 428.37 -19.005 -30.153 
<quaternion>: 0 -0.6113599 0 0.7913527 
<rotation>: 0 284.6242 0 
<scale>: 12.72561 25.45122 12.72561 
<BoxCollider>
  <center>: 413.8834 8.550034 -38.43456 
  <size>: 278.9869 56.93111 194.8748 
  <localCenter>: -0.9171124 1.082661 0.9371953 
  <localSize>: 10.63865 2.236871 19.88133 
