Rock03
<position>: 222.36 -19.005 356.39 
<quaternion>: 0 0.8251542 0 0.5649076 
<rotation>: 0 111.2083 0 
<scale>: 12.72561 25.45122 12.72561 
<BoxCollider>
  <center>: 222.3601 52.83966 356.39 
  <size>: 348.057 155.3692 343.8787 
  <localCenter>: -1.907349E-06 2.822838 5.245209E-06 
  <localSize>: 20.72158 6.104587 21.29709 
Rock06
<position>: -441.16 -19.005 120.2 
<quaternion>: 0 0.7976144 0 0.6031677 
<rotation>: 0 105.8058 0 
<scale>: 12.72561 25.45122 12.72561 
<BoxCollider>
  <center>: -442.7275 52.83948 120.6438 
  <size>: 329.459 155.3691 326.6559 
  <localCenter>: -2.403346E-06 2.822831 -0.1280172 
  <localSize>: 20.72158 6.104586 21.0409 
Rock11
<position>: 383.2 -19.005 -211.68 
<quaternion>: 0 -0.4651765 0 0.885218 
<rotation>: 0 304.5567 0 
<scale>: 12.72561 25.45122 12.72561 
<BoxCollider>
  <center>: 383.2 52.83966 -211.68 
  <size>: 372.7748 155.3691 370.8974 
  <localCenter>: -1.907349E-06 2.822838 5.245209E-06 
  <localSize>: 20.72158 6.104587 21.29709 
Rock12
<position>: -186.89 -19.005 -385 
<quaternion>: 0 0.8251542 0 0.5649076 
<rotation>: 0 111.2083 0 
<scale>: 12.72561 25.45122 12.72561 
<BoxCollider>
  <center>: -186.8899 52.83966 -385 
  <size>: 348.057 155.3692 343.8787 
  <localCenter>: -1.907349E-06 2.822838 5.245209E-06 
  <localSize>: 20.72158 6.104587 21.29709 
