Rock01
<position>: 354.2 -19.005 153.04 
<quaternion>: 0 0.7886804 0 0.6148036 
<rotation>: 0 104.1247 0 
<scale>: 12.72562 25.45122 12.72562 
<BoxCollider>
  <center>: 387.143 22.19326 156.5487 
  <size>: 288.1117 81.53038 301.6822 
  <localCenter>: -0.8991174 1.618715 2.443166 
  <localSize>: 19.82638 3.203397 18.35698 
Rock04
<position>: -173.2 -19.005 433.8 
<quaternion>: 0 0.9927477 0 0.120217 
<rotation>: 0 166.1908 0 
<scale>: 12.72561 25.45122 12.72561 
<BoxCollider>
  <center>: -174.4231 18.99057 444.106 
  <size>: 330.3836 77.79675 298.6761 
  <localCenter>: -0.09997053 1.492879 -0.8093957 
  <localSize>: 22.13128 3.056701 18.72931 
Rock05
<position>: -362.5 -19.005 325.35 
<quaternion>: 0 0.9268242 0 -0.3754957 
<rotation>: 0 224.1099 0 
<scale>: 12.72562 25.45122 12.72562 
<BoxCollider>
  <center>: -346.7745 28.79012 310.1056 
  <size>: 346.8082 97.40059 347.4003 
  <localCenter>: -1.721069 1.877911 3.620045E-06 
  <localSize>: 18.23056 3.826951 20.34818 
Rock08
<position>: 50.282 -19.005 -412.1 
<quaternion>: 0 0.0546773 0 0.9985041 
<rotation>: 0 6.268683 0 
<scale>: 12.72561 25.45122 12.72561 
<BoxCollider>
  <center>: 50.52802 35.16935 -398.2095 
  <size>: 302.6 91.64384 236.9464 
  <localCenter>: -0.09997058 2.128556 1.087129 
  <localSize>: 22.13128 3.600765 16.30058 
Rock09
<position>: 261.04 -19.005 -371.55 
<quaternion>: 0 0.421788 0 0.9066945 
<rotation>: 0 49.89505 0 
<scale>: 12.72561 25.45122 12.72561 
<BoxCollider>
  <center>: 245.0889 7.764179 -378.7757 
  <size>: 295.0685 38.7212 312.671 
  <localCenter>: -0.3731718 1.051784 -1.324506 
  <localSize>: 22.67771 1.521389 11.21535 
Rock13
<position>: -357.78 -19.005 -220.02 
<quaternion>: 0 0.8281728 0 -0.5604728 
<rotation>: 0 248.177 0 
<scale>: 12.72561 25.45122 12.72561 
<BoxCollider>
  <center>: -371.3124 32.85963 -226.8093 
  <size>: 218.4482 105.5348 307.0023 
  <localCenter>: -0.09997056 2.037806 1.185518 
  <localSize>: 22.13128 4.146552 9.628986 
