P_Fence_03 (8)
<position>: -284.62 6.839996 -633.64 
<quaternion>: -0.03196689 0.3756674 -0.03269644 0.9256258 
<rotation>: 358.0164 44.26383 355.1471 
<scale>: 10 10 14.517 
P_Fence_03 (4)
<position>: -175.6 -9.5 -776.9 
<quaternion>: 0.06319022 0.9657168 -0.05417541 -0.2458924 
<rotation>: 4.2185 208.8868 8.574443 
<scale>: 10 10 10 
P_Fence_03 (7)
<position>: -319.3 6.300003 -663.2 
<quaternion>: -0.03118922 0.3973287 -0.03343907 0.9165364 
<rotation>: 358.2465 46.95019 355.0595 
<scale>: 10 10 14.517 
P_Fence_03 (10)
<position>: -586.6 7.559998 -1251.6 
<quaternion>: 0 0.1349292 0 0.9908553 
<rotation>: 0 15.50905 0 
<scale>: 10 10 10 
P_Fence_03 (6)
<position>: -864.67 7.070007 -1295.39 
<quaternion>: -0.03252123 -0.6561123 0.03730917 0.7530386 
<rotation>: -0.001230288 277.8696 5.673853 
<scale>: 10 10 10 
P_Fence_03 (9)
<position>: -671.2 7.892319 -968.8007 
<quaternion>: 0 0 0 1 
<rotation>: 0 0 0 
<scale>: 10 10 10 
P_Fence_03 (5)
<position>: -942.2 8.399994 -1200.1 
<quaternion>: 0.004829229 -0.5517076 0.02691507 -0.8335892 
<rotation>: 1.240396 66.96568 357.1218 
<scale>: 10 10 10 
