P_Fence_01 (5)
<position>: -572.7 7.3 -943.4 
<quaternion>: -0.01806651 -0.9928477 0.01477501 0.1170852 
<rotation>: 1.438735 193.4798 2.254991 
<scale>: 10 10 10 
P_Fence_01 (7)
<position>: -586.7 5.6 -1007.4 
<quaternion>: -0.01806651 -0.9928477 0.01477501 0.1170852 
<rotation>: 1.438735 193.4798 2.254991 
<scale>: 10 10 10 
P_Fence_01 (8)
<position>: -575.9 6.8 -1193 
<quaternion>: -0.01620716 -0.9997276 0.01679367 -0.0002742975 
<rotation>: 1.92476 179.9998 1.857544 
<scale>: 10 10 10 
P_Fence_01 (6)
<position>: -544.9429 8.047853 -895.8319 
<quaternion>: -0.01955841 -0.9743627 0.01273459 0.2237694 
<rotation>: 0.920386 205.8884 2.51144 
<scale>: 10 10 10 
