P_Fence_03 (6)
<position>: -71.90738 0.7892321 -96.88007 
<quaternion>: 0 0 0 
<rotation>: 0 0 0 
<scale>: 1 1 1 
P_Fence_03 (4)
<position>: -20.72126 0.8758811 -66.654 
<quaternion>: 0.06319022 0.9657168 -0.05417541 
<rotation>: 4.2185 208.8868 8.574443 
<scale>: 1 1 1 
P_Fence_03 (3)
<position>: -75.65126 0.5958837 -125.264 
<quaternion>: -0.03252123 -0.6561123 0.03730917 
<rotation>: -0.001230288 277.8696 5.673853 
<scale>: 1 1 1 
P_Fence_03 (5)
<position>: -102.598 0.6856068 -137.9076 
<quaternion>: -0.02538307 -0.9279105 0.01017064 
<rotation>: 5.122642E-06 223.6704 3.133882 
<scale>: 1 1 1 
P_Fence_03 (7)
<position>: -29.62511 0.6780814 -64.68518 
<quaternion>: -0.03269347 0.3547746 -0.03196992 
<rotation>: 357.8007 41.69621 355.2408 
<scale>: 1 1 1 
P_Fence_03 (8)
<position>: -35.53 0.76 -69.35 
<quaternion>: -0.02748071 0.4919639 -0.03654792 
<rotation>: 359.3225 59.03804 354.8021 
<scale>: 1 1 1 
