P_Fence_05 (1)
<position>: -60.2082 0.6506219 -116.3571 
<quaternion>: 0.005596101 0.9530555 0.01519886 
<rotation>: 358.1459 215.2025 0.08459395 
<scale>: 1 1 1 
P_Fence_05 (2)
<position>: -16.99934 0.786129 -40.2228 
<quaternion>: 2.980232E-08 0.1242657 1.490116E-08 
<rotation>: 3.176435E-06 14.27671 2.118691E-06 
<scale>: 1 1 1 
P_Fence_05 (3)
<position>: -9.845135 1.009373 -39.58502 
<quaternion>: -0.037668 0.9887671 0.005506277 
<rotation>: -8.004128E-06 196.6329 355.6366 
<scale>: 1 1 1 
P_Fence_05 (4)
<position>: -14.42411 0.7872047 -30.81725 
<quaternion>: 2.980232E-08 0.1242657 1.490116E-08 
<rotation>: 3.176435E-06 14.27671 2.118691E-06 
<scale>: 1 1 1 
P_Fence_05 (5)
<position>: -61.70612 0.7725396 -119.7655 
<quaternion>: 0.01454553 0.8979791 0.007123828 
<rotation>: -9.167394E-05 127.8181 1.856045 
<scale>: 1 1 1 
P_Fence_05 (6)
<position>: -107.7581 0.7685757 -143.0419 
<quaternion>: 0.005236045 0.945657 0.01532665 
<rotation>: 358.144 217.9076 -0.002982836 
<scale>: 1 1 1 
