<Vertices>: 110 8.166667 0.03156042 8 9.166667 0.03156042 7.833333 9.666667 0.03156042 7.166667 6.5 0.03156042 8.666667 7.666667 0.03156042 8.666667 12.33333 0.03156042 5.333333 12.33333 0.03156042 4.5 10.83333 0.03156042 4.333333 11.5 0.03156042 6.5 11 0.03156042 7 10.33333 0.03156042 3.833333 2 0.03156042 11 2.666667 0.03156042 11 3.666667 0.03156042 9.666667 10.83333 0.03156042 1.333333 12.5 0.03156042 1.166667 12.5 0.03156042 0 0 0.03156042 0 0 0.03156042 5.166667 0.8333334 0.03156042 5.166667 1.166667 0.03156042 7 0.8333334 0.03156042 7.333333 6.166667 0.03156042 9.166667 0.6666667 0.03156042 11 1.166667 0.03156042 5.5 10.33333 0.03156042 2.333333 0 0.03156042 7.333333 0 0.03156042 11.33333 -11.66667 0.03156042 1.5 -4.333334 0.03156042 1.5 -4.666666 0.03156042 1.166667 -4.666666 0.03156042 0 -12.33333 0.03156042 0 -2.5 0.03156042 1.166667 -2.833334 0.03156042 1.5 -1 0.03156042 5.5 -6.333334 0.03156042 10.16667 -5.666666 0.03156042 11.16667 -4.5 0.03156042 11.16667 -10.83333 0.03156042 2.166667 -10.83333 0.03156042 3.833333 -10.16667 0.03156042 4.666667 -11 0.03156042 6.666667 -9.5 0.03156042 7.5 -2.5 0.03156042 0 -7.666667 0.03156042 10.16667 -7.333334 0.03156042 10.16667 -3.333334 0.03156042 12 -1.333334 0.03156042 12.33333 -1 0.03156042 7 -1 0.03156042 12.66667 -0.666666 0.03156042 12.66667 0 0.03156042 -13.33333 0.5 0.03156042 -14.33333 0 0.03156042 -14.33333 5.166667 0.03156042 -11.33333 2.666667 0.03156042 -11.83333 0 0.03156042 -12 4.666667 0.03156042 -11.83333 4.333333 0.03156042 -11.83333 12.5 0.03156042 -1.333334 7.666667 0.03156042 -2.666668 6.166667 0.03156042 -2.666668 7.166667 0.03156042 -10.83333 6.333333 0.03156042 -11.5 13.33333 0.03156042 -2.666668 1.166667 0.03156042 -12.33333 10 0.03156042 -8.500001 9.833334 0.03156042 -9.333334 9.5 0.03156042 -9.333334 9.666667 0.03156042 -8.166668 8.833334 0.03156042 -9.333334 6.166667 0.03156042 -4.833334 7.666667 0.03156042 -4.833334 9.666667 0.03156042 -7.333334 10.66667 0.03156042 -6.000001 10.66667 0.03156042 -6.500001 11.5 0.03156042 -4.833334 8 0.03156042 -4.5 8 0.03156042 -3 7.833333 0.03156042 -9.666668 13.5 0.03156042 -3.5 12.16667 0.03156042 -4.833334 5.833333 0.03156042 -4.5 5.833333 0.03156042 -3 -0.666666 0.03156042 -14.33333 -0.666666 0.03156042 -13.66667 -2 0.03156042 -12.5 -2.833334 0.03156042 -11.83333 -2.833334 0.03156042 -11.33333 -3.5 0.03156042 -10.66667 -4.333334 0.03156042 -10.16667 -4.333334 0.03156042 -0.6666679 -12.83333 0.03156042 -0.6666679 -11.33333 0.03156042 -7.666668 -11.83333 0.03156042 -7.166668 -11.83333 0.03156042 -6.833334 -10.66667 0.03156042 -5.833334 -9.666667 0.03156042 -8.166668 -6.666666 0.03156042 -10 -7.166667 0.03156042 -9.666668 -7.166667 0.03156042 -8.833334 -5.666666 0.03156042 -10 -5.333334 0.03156042 -10.33333 -12.33333 0.03156042 -2.333334 -13.5 0.03156042 -1.333334 -10.66667 0.03156042 -5.166668 -2.833334 0.03156042 -0.6666679 -7.666667 0.03156042 -8.333334 -12 0.03156042 -3.666668 
<Indices>: 339 0 1 2 3 4 0 5 6 7 5 7 8 2 9 8 2 8 7 2 7 10 11 12 13 14 15 16 17 18 19 20 21 13 13 22 3 23 11 13 24 20 13 24 13 3 24 3 25 24 25 14 3 0 2 3 2 10 3 10 25 17 19 24 17 24 14 17 14 16 23 13 21 23 21 26 23 26 27 28 29 30 28 30 31 28 31 32 17 33 34 17 34 35 17 35 18 36 37 38 39 40 41 39 41 29 41 42 43 17 44 33 43 45 46 38 47 48 43 46 36 49 35 29 49 29 41 49 41 43 49 43 36 35 34 29 29 28 39 48 50 51 48 51 27 27 26 49 27 49 36 27 36 38 27 38 48 52 53 54 55 56 57 55 58 59 55 59 56 16 60 61 16 61 62 16 62 17 63 64 55 60 65 61 56 66 57 67 68 69 70 67 69 70 69 71 72 73 74 75 76 74 77 73 78 77 75 74 77 74 73 77 78 79 80 63 55 74 70 71 74 71 80 74 80 72 81 82 77 81 77 79 81 79 61 81 61 65 83 72 80 83 80 55 17 62 84 17 84 83 17 83 55 17 55 57 54 85 86 54 86 52 87 88 89 87 89 57 57 90 91 32 31 92 32 92 93 94 95 96 94 96 97 94 97 98 99 100 101 99 101 102 91 103 102 104 105 93 98 97 106 98 106 92 98 92 107 98 107 108 106 109 104 106 104 93 106 93 92 102 101 108 57 89 90 91 102 108 107 44 17 57 91 108 57 108 107 57 107 17 
<Relay>:
0 3 0 1 17 
2 6 0 4 5 6 17 18 
3 7 1 11 14 15 17 18 19 
5 2 2 3 
7 4 2 3 5 6 
8 3 3 4 5 
10 3 6 18 19 
11 2 7 12 
13 7 7 10 11 12 13 14 23 
14 4 8 16 21 22 
16 5 8 22 56 57 58 
17 15 9 20 21 22 29 30 31 36 58 81 82 83 84 109 112 
18 2 9 31 
19 2 9 20 
20 2 10 13 
21 3 10 23 24 
23 4 12 23 24 25 
24 6 13 14 15 16 20 21 
25 3 15 16 19 
26 3 24 25 48 
27 6 25 47 48 49 50 51 
28 4 26 27 28 45 
29 6 26 34 40 41 44 45 
30 2 26 27 
31 3 27 28 90 
32 3 28 90 91 
33 2 29 36 
34 3 29 30 44 
35 4 30 31 40 44 
36 5 32 39 43 49 50 
38 4 32 38 50 51 
39 3 33 34 45 
41 5 33 34 35 41 42 
43 5 35 37 39 42 43 
44 2 36 109 
46 2 37 39 
48 4 38 46 47 51 
49 6 40 41 42 43 48 49 
51 2 46 47 
52 2 52 86 
54 3 52 85 86 
55 8 53 54 55 59 71 80 83 84 
56 3 53 55 61 
57 9 53 61 84 88 89 107 110 111 112 
59 2 54 55 
60 2 56 60 
61 5 56 57 60 77 78 
62 3 57 58 81 
63 2 59 71 
65 2 60 78 
67 2 62 63 
69 3 62 63 64 
70 3 63 64 72 
71 3 64 72 73 
72 3 65 74 79 
73 3 65 67 69 
74 7 65 66 68 69 72 73 74 
75 2 66 68 
77 6 67 68 69 70 75 76 
78 2 67 70 
79 3 70 76 77 
80 5 71 73 74 79 80 
81 4 75 76 77 78 
83 4 79 80 82 83 
84 2 81 82 
86 2 85 86 
87 2 87 88 
89 3 87 88 107 
90 2 89 107 
91 4 89 97 108 110 
92 5 90 91 100 101 105 
93 4 91 98 104 105 
94 3 92 93 94 
96 2 92 93 
97 3 93 94 99 
98 5 94 99 100 101 102 
99 2 95 96 
101 3 95 96 106 
102 4 96 97 106 108 
104 3 98 103 104 
106 5 99 100 103 104 105 
107 5 101 102 109 111 112 
108 5 102 106 108 110 111 
