Rock01
<position>: 354.2 -19.005 153.04 
<quaternion>: 0 0.7886804 0 0.6148036 
<rotation>: 0 104.1247 0 
<scale>: 12.72562 25.45122 12.72562 
<BoxCollider>
  <center>: 387.143 22.19326 156.5487 
  <size>: 288.1117 81.53038 301.6822 
  <localCenter>: -0.8991174 1.618715 2.443166 
  <localSize>: 19.82638 3.203397 18.35698 
Rock04
<position>: -173.2 -19.005 433.8 
<quaternion>: 0 0.9927477 0 0.120217 
<rotation>: 0 166.1908 0 
<scale>: 12.72561 25.45122 12.72561 
<BoxCollider>
  <center>: -174.4231 18.99057 444.106 
  <size>: 330.3836 77.79675 298.6761 
  <localCenter>: -0.09997053 1.492879 -0.8093957 
  <localSize>: 22.13128 3.056701 18.72931 
Rock05
<position>: -362.5 -19.005 325.35 
<quaternion>: 0 0.9268242 0 -0.3754957 
<rotation>: 0 224.1099 0 
<scale>: 12.72562 25.45122 12.72562 
<BoxCollider>
  <center>: -346.7745 28.79012 310.1056 
  <size>: 346.8082 97.40059 347.4003 
  <localCenter>: -1.721069 1.877911 3.620045E-06 
  <localSize>: 18.23056 3.826951 20.34818 
Rock08
<position>: 50.282 -19.005 -412.1 
<quaternion>: 0 0.0546773 0 0.9985041 
<rotation>: 0 6.268683 0 
<scale>: 12.72561 25.45122 12.72561 
<BoxCollider>
  <center>: 50.52802 35.16935 -398.2095 
  <size>: 302.6 91.64384 236.9464 
  <localCenter>: -0.09997058 2.128556 1.087129 
  <localSize>: 22.13128 3.600765 16.30058 
Rock09
<position>: 261.04 -19.005 -371.55 
<quaternion>: 0 0.421788 0 0.9066945 
<rotation>: 0 49.89505 0 
<scale>: 12.72561 25.45122 12.72561 
<BoxCollider>
  <center>: 245.0889 7.764179 -378.7757 
  <size>: 295.0685 38.7212 312.671 
  <localCenter>: -0.3731718 1.051784 -1.324506 
  <localSize>: 22.67771 1.521389 11.21535 
Rock13
<position>: -357.78 -19.005 -220.02 
<quaternion>: 0 0.8281728 0 -0.5604728 
<rotation>: 0 248.177 0 
<scale>: 12.72561 25.45122 12.72561 
<BoxCollider>
  <center>: -371.3124 32.85963 -226.8093 
  <size>: 218.4482 105.5348 307.0023 
  <localCenter>: -0.09997056 2.037806 1.185518 
  <localSize>: 22.13128 4.146552 9.628986 
Rock02
<position>: 68.888 -19.005 420.28 
<quaternion>: 0 -0.1343496 0 0.990934 
<rotation>: 0 344.558 0 
<scale>: 12.72561 25.45122 12.72561 
<BoxCollider>
  <center>: 66.84714 27.69509 424.7264 
  <size>: 289.94 113.003 271.0988 
  <localCenter>: -0.06154903 1.834887 0.3794994 
  <localSize>: 18.98045 4.439983 16.85819 
Rock07
<position>: -464.81 -19.005 -66.101 
<quaternion>: 0 0.5972154 0 0.802081 
<rotation>: 0 73.34145 0 
<scale>: 12.72561 25.45122 12.72561 
<BoxCollider>
  <center>: -456.9257 13.55742 -92.44962 
  <size>: 310.4095 84.72765 254.2192 
  <localCenter>: 2.161226 1.279405 8.402249E-06 
  <localSize>: 14.53489 3.329021 21.11186 
Rock10
<position>: 428.37 -19.005 -30.153 
<quaternion>: 0 -0.6113599 0 0.7913527 
<rotation>: 0 284.6242 0 
<scale>: 12.72561 25.45122 12.72561 
<BoxCollider>
  <center>: 413.8834 8.550034 -38.43456 
  <size>: 278.9869 56.93111 194.8748 
  <localCenter>: -0.9171124 1.082661 0.9371953 
  <localSize>: 10.63865 2.236871 19.88133 
Rock03
<position>: 222.36 -19.005 356.39 
<quaternion>: 0 0.8251542 0 0.5649076 
<rotation>: 0 111.2083 0 
<scale>: 12.72561 25.45122 12.72561 
<BoxCollider>
  <center>: 221.3617 31.37407 355.0453 
  <size>: 350.0529 112.438 347.2104 
  <localCenter>: 0.1268906 1.979437 -0.03490826 
  <localSize>: 20.97534 4.417784 21.36686 
Rock06
<position>: -441.16 -19.005 120.2 
<quaternion>: 0 0.7976144 0 0.6031677 
<rotation>: 0 105.8058 0 
<scale>: 12.72561 25.45122 12.72561 
<BoxCollider>
  <center>: -441.9176 22.7283 123.5049 
  <size>: 297.71 95.14745 214.5005 
  <localCenter>: -0.2336668 1.639737 -0.1280166 
  <localSize>: 11.56189 3.738424 21.0409 
Rock11
<position>: 383.2 -19.005 -211.68 
<quaternion>: 0 -0.4651765 0 0.885218 
<rotation>: 0 304.5567 0 
<scale>: 12.72561 25.45122 12.72561 
<BoxCollider>
  <center>: 337.6523 28.23434 -220.0991 
  <size>: 286.4585 92.81466 280.9948 
  <localCenter>: -2.575066 1.856074 2.572454 
  <localSize>: 15.19356 3.646767 16.86846 
Rock12
<position>: -186.89 -19.005 -385 
<quaternion>: 0 0.8251542 0 0.5649076 
<rotation>: 0 111.2083 0 
<scale>: 12.72561 25.45122 12.72561 
<BoxCollider>
  <center>: -205.4416 11.46227 -371.8749 
  <size>: 393.1536 72.61428 370.1281 
  <localCenter>: -0.4341597 1.197085 -1.732196 
  <localSize>: 21.58988 2.853077 24.76137 
